W_hy
-1.997783378046438,-1.1105110683933734,0.6284003353205694,0.6106058165788343,-0.4166860772295936,1.8546098072747654,
0.5420786675010454,0.21744262857951116,-0.07943433587377616,0.037742394758336205,0.4790938199672145,-0.6440889237163502,
1.0983011539696206,0.6563768472574626,-0.5801816596571078,-0.21773523037575493,0.8379528292293447,-0.7132038582154773,

Theta_y
0.258159287902944,1.2710507403823583,1.6872251223434505,

W_xh
-0.4712952723629617,0.013011166207035726,0.5401277689744848,0.6332973879781801,-0.19101177490361182,0.30534856021309675,
-1.1276735152286195,-0.7537288764512231,0.3763979231165397,0.18176519227469634,-0.5198795188455132,1.203942490846085,
1.839044454823261,0.5937651122059298,1.0295262265530107,1.0039800042173384,0.6331989595570452,-2.429362859442649,
0.9715709931458231,0.8399167314021176,0.6998102553065173,0.9860790975872072,0.6773853942764494,-0.6980235617927453,

Theta_h
0.879687088583938,0.7189724745628193,0.40889505054567143,0.6943781247134175,0.4088206557959636,0.3342669478028224,